-0.0000000000000000,
-0.0005075758102200,
-0.0007171615080117,
0.0000000000000000,
0.0012758309278842,
0.0016363257536276,
-0.0000000000000000,
-0.0025516902081487,
-0.0031211659077245,
0.0000000000000000,
0.0045264227013586,
0.0053827470800701,
-0.0000000000000000,
-0.0074672885935971,
-0.0087291131440861,
0.0000000000000000,
0.0118076364635329,
0.0136906703111385,
-0.0000000000000000,
-0.0183984884149754,
-0.0213858296429693,
0.0000000000000000,
0.0293410384085419,
0.0348413387987226,
-0.0000000000000000,
-0.0518280918536454,
-0.0662632387751258,
0.0000000000000000,
0.1365522151423977,
0.2751477226789337,
0.3335353911845925,
0.2751477226789337,
0.1365522151423977,
0.0000000000000000,
-0.0662632387751258,
-0.0518280918536454,
-0.0000000000000000,
0.0348413387987226,
0.0293410384085419,
0.0000000000000000,
-0.0213858296429693,
-0.0183984884149754,
-0.0000000000000000,
0.0136906703111385,
0.0118076364635329,
0.0000000000000000,
-0.0087291131440861,
-0.0074672885935971,
-0.0000000000000000,
0.0053827470800701,
0.0045264227013586,
0.0000000000000000,
-0.0031211659077245,
-0.0025516902081487,
-0.0000000000000000,
0.0016363257536276,
0.0012758309278842,
0.0000000000000000,
-0.0007171615080117,
-0.0005075758102200,
-0.0000000000000000,
